[actor]
        items_count                      = 0
        money                            = 0
        team                             = 8
 
[actor_position]
        angle                            = 0.000000, 0.000000, 0.000000
        pos                              = 632.886780, -76.498535, -804.457947
 
