[actor]
        items_count                      = 2
        money                            = 0
        team                             = 8
 
[actor_position]
        angle                            = 0.000000, 0.000000, 0.000000
        pos                              = 938.512329, -64.208038, -237.837158
 
[item_1]
        addon_State                      = 0
        ammo_count                       = 8
        ammo_type                        = 0
        condition                        = 0.798998
        cur_scope                        = 0
        section                          = wpn_spas12
        slot                             = 3121
 
[item_2]
        section                          = stalker_outfit
        slot                             = 7281
 
